Components List
0	1	0	09010000	0	0	240	296	15784	16294	Image/Icon
1	2	0	fd8f0009	94	101	50	1155	87334	87846	Animation
2	3	0	170a0000	0	0	0	0	0	0	Weather label
3	3	0	17090000	128	37	13	12	1284	1410	Weather label
4	3	0	17090000	128	37	13	12	1566	1704	Weather label
5	3	0	17090000	128	37	13	12	1860	2014	Weather label
6	3	0	17090000	128	37	13	12	2170	2294	Weather label
7	3	0	17090000	128	37	13	12	2450	2536	Weather label
8	3	0	17090000	128	37	13	12	2692	2788	Weather label
9	3	0	17090000	128	37	13	12	2944	3068	Weather label
10	3	0	17090000	128	37	13	12	3224	3380	Weather label
11	3	0	17090000	128	37	13	12	3536	3632	Weather label
12	4	0	fa080000	108	41	6	2	65535	0	Weather no+ label
13	4	0	fa080000	98	41	6	2	65535	0	Weather no+ label
14	4	0	fa8a4300	105	37	7	100	11675	11707	Weather no+ label
15	4	0	fa8a4300	98	37	7	100	11675	11707	Weather no+ label
16	4	0	fa8a4300	91	37	7	100	11675	11707	Weather no+ label
17	4	0	fa028000	112	37	9	10	11557	11585	Weather no+ label
18	4	0	fa028000	112	37	9	10	3918	3944	Weather no+ label
19	4	0	fa002000	90	41	6	2	65535	0	Weather no+ label
20	5	0	09010000	145	16	10	10	3788	3818	Image/Icon
21	6	0	0b8a0300	133	16	7	100	11675	11707	Battery no
22	6	0	0b8a0300	126	16	7	100	11675	11707	Battery no
23	6	0	0b8a0300	119	16	7	100	11675	11707	Battery no
24	7	0	108a8300	225	113	7	100	11675	11707	Heart Rate no
25	7	0	108a8300	218	113	7	100	11675	11707	Heart Rate no
26	7	0	108a8300	211	113	7	100	11675	11707	Heart Rate no
27	8	0	0f8a8400	133	205	7	100	11675	11707	Calories no
28	8	0	0f8a8400	126	205	7	100	11675	11707	Calories no
29	8	0	0f8a8400	119	205	7	100	11675	11707	Calories no
30	8	0	0f8a8400	112	205	7	100	11675	11707	Calories no
31	9	0	0e8a8500	71	205	7	100	11675	11707	Steps no
32	9	0	0e8a8500	64	205	7	100	11675	11707	Steps no
33	9	0	0e8a8500	57	205	7	100	11675	11707	Steps no
34	9	0	0e8a8500	50	205	7	100	11675	11707	Steps no
35	9	0	0e8a8500	43	205	7	100	11675	11707	Steps no
36	10	1	15020082	203	207	19	10	15566	15594	Distance Label
37	10	2	15020082	203	207	19	10	4462	4492	Distance Label
38	11	1	15020082	203	207	19	10	4248	4272	Distance Label
39	11	2	15020082	203	207	19	10	4034	4058	Distance Label
40	12	0	148a8200	193	205	7	100	11675	11707	Distance no
41	12	0	148a8200	186	205	7	100	11675	11707	Distance no
42	12	0	148a8100	177	205	7	100	11675	11707	Distance no
43	13	0	09010000	183	208	3	3	15549	15557	Image/Icon
44	14	1	06870082	128	262	22	70	12407	12437	Weekday label
45	14	2	06870082	128	262	22	70	13977	14009	Weekday label
46	15	0	038a8200	163	262	7	100	11675	11707	Month no
47	15	0	038a8200	156	262	7	100	11675	11707	Month no
48	16	0	028a8200	181	262	7	100	11675	11707	Date no
49	16	0	028a8200	174	262	7	100	11675	11707	Date no
50	17	0	008a8200	71	222	19	350	4682	4714	Hour no
51	17	0	008a8200	50	222	19	350	4682	4714	Hour no
52	18	0	018a8200	120	222	19	350	4682	4714	Minute no
53	18	0	018a8200	99	222	19	350	4682	4714	Minute no
54	19	0	1b8a8200	169	222	19	350	4682	4714	Seconds
55	19	0	1b8a8200	148	222	19	350	4682	4714	Seconds
56	20	0	138a9200	95	263	7	100	11675	11707	Sleep no
57	20	0	138a9200	88	263	7	100	11675	11707	Sleep no
58	20	0	138a9200	75	263	7	100	11675	11707	Sleep no
59	20	0	138a9200	68	263	7	100	11675	11707	Sleep no
60	21	0	09010000	82	263	6	10	11364	11386	Image/Icon
61	22	0	09010000	102	264	9	9	11446	11476	Image/Icon
62	23	0	fb100000	195	226	229	259	0	0	Click
63	23	0	fb110000	10	226	44	259	0	0	Click
