Components List
0	1	0	09010000	0	0	240	296	4206	4706	Image/Icon
1	2	0	170a0000	0	0	0	0	0	0	Weather label
2	2	0	17090000	153	9	16	12	88113	88277	Weather label
3	2	0	17090000	154	8	14	14	102727	102871	Weather label
4	2	0	17090000	153	9	16	13	102391	102519	Weather label
5	2	0	17090000	153	9	16	13	101837	101961	Weather label
6	2	0	17090000	153	10	16	11	101545	101661	Weather label
7	2	0	17090000	155	9	12	12	102169	102247	Weather label
8	2	0	17090000	153	9	16	12	133748	133886	Weather label
9	2	0	17090000	153	10	16	11	101001	101079	Weather label
10	2	0	17090000	153	10	16	11	101255	101369	Weather label
11	3	1	038c0082	26	101	41	180	75988	76022	Month no
12	3	2	038c0082	97	198	36	156	90735	90769	Month no
13	4	1	06870082	99	101	43	105	83402	83598	Weekday label
14	4	2	06870082	27	168	39	112	96385	96633	Weekday label
15	5	0	0b8b0000	197	201	24	132	924	932	Battery no
16	5	0	0b8a0300	207	216	6	120	88469	88503	Battery no
17	5	0	0b8a0300	200	216	6	120	88469	88503	Battery no
18	5	0	0b8a0300	194	216	6	120	88469	88503	Battery no
19	6	0	09010000	214	217	8	10	4100	4126	Image/Icon
20	7	0	028a8200	81	171	9	140	89223	89257	Date no
21	7	0	028a8200	71	171	9	140	89223	89257	Date no
22	8	0	108a8300	124	5	6	120	88469	88503	Heart Rate no
23	8	0	108a8300	117	5	6	120	88469	88503	Heart Rate no
24	8	0	108a8300	110	5	6	120	88469	88503	Heart Rate no
25	9	0	0f8a8400	214	113	6	120	88469	88503	Calories no
26	9	0	0f8a8400	207	113	6	120	88469	88503	Calories no
27	9	0	0f8a8400	200	113	6	120	88469	88503	Calories no
28	9	0	0f8a8400	193	113	6	120	88469	88503	Calories no
29	10	0	0e8a8500	84	40	6	120	88469	88503	Steps no
30	10	0	0e8a8500	77	40	6	120	88469	88503	Steps no
31	10	0	0e8a8500	70	40	6	120	88469	88503	Steps no
32	10	0	0e8a8500	63	40	6	120	88469	88503	Steps no
33	10	0	0e8a8500	56	40	6	120	88469	88503	Steps no
34	11	0	008a8200	66	115	26	390	103067	103101	Hour no
35	11	0	008a8200	46	115	26	390	103067	103101	Hour no
36	12	0	018a8200	112	116	26	390	123509	123603	Minute no
37	12	0	018a8200	92	116	26	390	113241	113369	Minute no
38	13	0	fa080000	184	14	7	2	19117	0	Weather no+ label
39	13	0	fa080000	177	14	7	2	19117	0	Weather no+ label
40	13	0	fa8a4300	184	9	6	120	88469	88503	Weather no+ label
41	13	0	fa8a4300	177	9	6	120	88469	88503	Weather no+ label
42	13	0	fa8a4300	170	9	6	120	88469	88503	Weather no+ label
43	13	0	fa028000	191	8	14	14	75746	75792	Weather no+ label
44	13	0	fa028000	191	8	14	13	90517	90553	Weather no+ label
45	13	0	fa002000	172	14	3	1	133743	133745	Weather no+ label
